4294967294,30
4294967294,1167
4294967294,1166
4294967294,1164
4294967294,1163
4294967294,1158
4294967294,1019
4294967294,992
4294967294,990
4294967294,989
4294967294,988
4294967294,987
4294967294,60
4294967278,364
4294967294,75
4294967294,18
4294967294,127
4294967294,14
4294967294,126
4294967294,20
4294967294,13
4294967294,12
4294967278,367
4294967278,85
4294967278,84
4294967278,83
4294967278,82
4294967278,81
4294967278,80
4294967278,79
4294967278,78
4294967278,77
4294967278,76
4294967278,368
4294967278,272
4294967279,561
4294967279,560
4294967279,200
4294967278,199
4294967279,199
4294967279,198
4294967279,196
4294967278,194
4294967279,190
4294967278,75
4294967278,187
4294967294,1
4294967294,1422
4294967278,305
4294967279,299
4294967278,304
4294967279,180
4294967278,363
4294967279,534
107,6
107,5
107,4
107,3
107,2
107,1
0,7
4294967294,50
4294967294,29
4294967278,300
4294967279,293
4294967294,0
4294967278,389
4294967278,0
4294967294,37
4294967294,40
4294967294,85
4294967294,46
4294967279,167
4294967278,164
4294967294,107
4294967294,7
4294967294,6
4294967279,159
4294967294,1175
4294967294,1174
4294967294,28
4294967294,1018
4294967294,53
4294967294,94
4294967294,96
104,4
104,3
104,2
104,1
4294967279,551
4294967294,488
4294967294,8
4294967294,9
4294967294,1418
4294967294,1002
4294967294,161
4294967294,421
103,4
103,3
103,2
103,1
4294967278,359
4294967294,1420
4294967294,487
4294967278,294
102,6
4294967278,388
102,5
102,4
102,3
102,2
102,1
4294967294,436
4294967278,291
101,5
4294967278,138
4294967278,277
101,4
101,3
101,2
101,1
4294967279,284
4294967278,358
4294967278,134
4294967279,270
4294967278,133
4294967278,276
100,5
4294967294,93
4294967294,95
100,4
4294967278,274
100,3
100,2
100,1
4294967294,424
4294967279,277
4294967294,486
4294967278,268
4294967279,265
99,5
4294967294,27
4294967294,22
4294967294,17
4294967294,99
4294967294,42
4294967294,81
0,5
4294967294,417
4294967279,550
4294967278,281
99,4
4294967279,261
99,3
99,2
99,1
4294967279,259
4294967294,385
4294967294,461
4294967294,109
4294967294,418
4294967294,453
4294967294,184
4294967279,546
4294967278,263
98,4
98,3
98,2
98,1
4294967278,387
4294967294,68
4294967294,11
4294967294,92
4294967294,88
4294967278,386
4294967278,259
4294967279,545
4294967294,25
4294967279,558
4294967278,333
4294967279,544
4294967278,355
4294967279,557
4294967278,256
4294967279,323
4294967279,543
4294967279,251
4294967278,326
4294967279,542
4294967279,541
4294967279,249
4294967294,26
4294967294,67
4294967279,244
4294967294,1419
4294967294,83
4294967293,131
4294967293,130
4294967293,129
4294967293,128
4294967293,127
4294967293,126
4294967293,125
4294967293,124
4294967293,123
4294967293,122
4294967293,121
4294967293,120
4294967293,119
4294967293,118
4294967293,117
4294967293,116
4294967293,115
4294967293,114
4294967293,113
4294967293,112
4294967293,111
4294967293,110
4294967293,109
4294967293,108
4294967293,107
4294967293,106
4294967293,105
4294967293,104
4294967293,103
4294967293,102
4294967293,101
4294967293,100
4294967293,99
4294967293,98
4294967293,97
4294967293,96
4294967293,95
4294967293,94
4294967293,93
4294967293,92
4294967293,91
4294967293,90
4294967293,89
4294967293,87
4294967293,86
4294967293,85
4294967293,84
4294967293,83
4294967293,82
4294967293,81
4294967293,80
4294967293,79
4294967293,78
4294967293,77
4294967293,76
4294967293,75
4294967293,74
4294967293,73
4294967293,72
4294967293,71
4294967293,70
4294967293,69
4294967293,68
4294967293,67
4294967293,66
4294967293,65
4294967293,64
4294967293,63
4294967293,62
4294967293,61
4294967293,60
4294967293,59
4294967293,58
4294967293,57
4294967293,56
4294967293,55
4294967293,54
4294967293,53
4294967293,52
4294967293,51
4294967293,50
4294967293,49
4294967293,48
4294967293,47
4294967293,46
4294967293,45
4294967293,44
4294967293,43
4294967293,42
4294967293,41
4294967293,40
4294967293,39
4294967293,38
4294967293,37
4294967293,36
4294967293,35
4294967293,34
4294967293,33
4294967293,32
4294967293,31
4294967293,30
4294967293,29
4294967293,28
4294967293,27
4294967293,26
4294967293,25
4294967293,24
4294967293,23
4294967293,22
4294967293,21
4294967293,20
4294967293,19
4294967293,18
4294967293,17
4294967293,16
4294967293,15
4294967293,14
4294967293,13
4294967293,12
4294967293,11
4294967293,10
4294967293,9
4294967293,8
4294967293,7
4294967293,6
4294967293,5
4294967293,4
4294967293,3
4294967278,243
4294967279,37
4294967279,36
4294967279,35
4294967279,34
4294967279,33
4294967279,32
4294967279,31
4294967279,30
4294967279,29
4294967279,28
4294967279,27
4294967279,26
4294967279,25
4294967279,24
4294967279,23
4294967279,22
4294967279,242
4294967279,236
4294967279,235
4294967278,385
4294967278,228
4294967279,227
4294967279,47
4294967279,44
4294967279,43
4294967279,42
4294967279,40
4294967279,38
4294967278,227
4294967278,223
4294967279,556
4294967279,219
4294967279,217
4294967279,215
4294967279,212
4294967279,211
4294967279,210
4294967279,209
4294967279,207
4294967278,384
4294967279,205
4294967279,203
4294967279,202
4294967279,201
4294967279,197
4294967278,195
4294967279,195
4294967279,194
97,6
97,5
97,4
4294967278,191
97,3
97,2
97,1
4294967279,191
4294967279,188
4294967279,187
4294967279,186
4294967279,185
4294967278,183
4294967278,180
4294967278,182
4294967279,182
4294967278,350
4294967279,181
4294967278,179
4294967279,179
4294967278,177
4294967279,177
4294967278,176
4294967279,175
94,4
94,3
94,2
94,1
4294967278,361
4294967278,172
4294967278,171
4294967279,171
93,4
4294967279,170
93,3
93,2
93,1
4294967294,1421
4294967279,552
4294967278,166
92,6
4294967278,163
4294967279,165
4294967279,164
92,5
4294967278,162
92,4
92,3
92,2
92,1
4294967279,322
4294967278,160
4294967294,485
4294967279,160
4294967278,159
4294967279,46
4294967279,321
4294967279,45
91,5
91,4
91,3
91,2
91,1
4294967278,337
4294967279,41
4294967279,524
4294967279,39
4294967279,289
4294967278,295
4294967279,149
90,5
4294967278,147
90,4
90,3
90,2
90,1
4294967279,320
4294967278,146
4294967278,145
4294967294,484
4294967278,144
4294967278,143
89,5
4294967278,141
89,4
4294967278,140
89,3
89,2
89,1
4294967278,139
4294967278,136
88,4
88,3
88,2
88,1
4294967278,135
4294967279,134
4294967279,268
4294967294,409
